0.005900 0.045000 3600.000000 0.800000 0.887500 700.000000 
0.002950 0.045000 3600.000000 0.800000 0.887500 700.000000 
0.003153 0.045000 3600.000000 0.800000 0.887500 700.000000 
0.003357 0.045000 3600.000000 0.800000 0.887500 700.000000 
0.003560 0.045000 3600.000000 0.800000 0.887500 700.000000 
0.003764 0.045000 3600.000000 0.800000 0.887500 700.000000 
0.003967 0.045000 3600.000000 0.800000 0.887500 700.000000 
0.004171 0.045000 3600.000000 0.800000 0.887500 700.000000 
0.004374 0.045000 3600.000000 0.800000 0.887500 700.000000 
0.004578 0.045000 3600.000000 0.800000 0.887500 700.000000 
0.004781 0.045000 3600.000000 0.800000 0.887500 700.000000 
0.004984 0.045000 3600.000000 0.800000 0.887500 700.000000 
0.005188 0.045000 3600.000000 0.800000 0.887500 700.000000 
0.005391 0.045000 3600.000000 0.800000 0.887500 700.000000 
0.005595 0.045000 3600.000000 0.800000 0.887500 700.000000 
0.005798 0.045000 3600.000000 0.800000 0.887500 700.000000 
0.006002 0.045000 3600.000000 0.800000 0.887500 700.000000 
0.006205 0.045000 3600.000000 0.800000 0.887500 700.000000 
0.006409 0.045000 3600.000000 0.800000 0.887500 700.000000 
0.006612 0.045000 3600.000000 0.800000 0.887500 700.000000 
0.006816 0.045000 3600.000000 0.800000 0.887500 700.000000 
0.007019 0.045000 3600.000000 0.800000 0.887500 700.000000 
0.007222 0.045000 3600.000000 0.800000 0.887500 700.000000 
0.007426 0.045000 3600.000000 0.800000 0.887500 700.000000 
0.007629 0.045000 3600.000000 0.800000 0.887500 700.000000 
0.007833 0.045000 3600.000000 0.800000 0.887500 700.000000 
0.008036 0.045000 3600.000000 0.800000 0.887500 700.000000 
0.008240 0.045000 3600.000000 0.800000 0.887500 700.000000 
0.008443 0.045000 3600.000000 0.800000 0.887500 700.000000 
0.008647 0.045000 3600.000000 0.800000 0.887500 700.000000 
0.008850 0.045000 3600.000000 0.800000 0.887500 700.000000 
0.005900 0.022500 3600.000000 0.800000 0.887500 700.000000 
0.005900 0.024052 3600.000000 0.800000 0.887500 700.000000 
0.005900 0.025603 3600.000000 0.800000 0.887500 700.000000 
0.005900 0.027155 3600.000000 0.800000 0.887500 700.000000 
0.005900 0.028707 3600.000000 0.800000 0.887500 700.000000 
0.005900 0.030259 3600.000000 0.800000 0.887500 700.000000 
0.005900 0.031810 3600.000000 0.800000 0.887500 700.000000 
0.005900 0.033362 3600.000000 0.800000 0.887500 700.000000 
0.005900 0.034914 3600.000000 0.800000 0.887500 700.000000 
0.005900 0.036466 3600.000000 0.800000 0.887500 700.000000 
0.005900 0.038017 3600.000000 0.800000 0.887500 700.000000 
0.005900 0.039569 3600.000000 0.800000 0.887500 700.000000 
0.005900 0.041121 3600.000000 0.800000 0.887500 700.000000 
0.005900 0.042672 3600.000000 0.800000 0.887500 700.000000 
0.005900 0.044224 3600.000000 0.800000 0.887500 700.000000 
0.005900 0.045776 3600.000000 0.800000 0.887500 700.000000 
0.005900 0.047328 3600.000000 0.800000 0.887500 700.000000 
0.005900 0.048879 3600.000000 0.800000 0.887500 700.000000 
0.005900 0.050431 3600.000000 0.800000 0.887500 700.000000 
0.005900 0.051983 3600.000000 0.800000 0.887500 700.000000 
0.005900 0.053534 3600.000000 0.800000 0.887500 700.000000 
0.005900 0.055086 3600.000000 0.800000 0.887500 700.000000 
0.005900 0.056638 3600.000000 0.800000 0.887500 700.000000 
0.005900 0.058190 3600.000000 0.800000 0.887500 700.000000 
0.005900 0.059741 3600.000000 0.800000 0.887500 700.000000 
0.005900 0.061293 3600.000000 0.800000 0.887500 700.000000 
0.005900 0.062845 3600.000000 0.800000 0.887500 700.000000 
0.005900 0.064397 3600.000000 0.800000 0.887500 700.000000 
0.005900 0.065948 3600.000000 0.800000 0.887500 700.000000 
0.005900 0.067500 3600.000000 0.800000 0.887500 700.000000 
0.005900 0.045000 1800.000000 0.800000 0.887500 700.000000 
0.005900 0.045000 1924.137931 0.800000 0.887500 700.000000 
0.005900 0.045000 2048.275862 0.800000 0.887500 700.000000 
0.005900 0.045000 2172.413793 0.800000 0.887500 700.000000 
0.005900 0.045000 2296.551724 0.800000 0.887500 700.000000 
0.005900 0.045000 2420.689655 0.800000 0.887500 700.000000 
0.005900 0.045000 2544.827586 0.800000 0.887500 700.000000 
0.005900 0.045000 2668.965517 0.800000 0.887500 700.000000 
0.005900 0.045000 2793.103448 0.800000 0.887500 700.000000 
0.005900 0.045000 2917.241379 0.800000 0.887500 700.000000 
0.005900 0.045000 3041.379310 0.800000 0.887500 700.000000 
0.005900 0.045000 3165.517241 0.800000 0.887500 700.000000 
0.005900 0.045000 3289.655172 0.800000 0.887500 700.000000 
0.005900 0.045000 3413.793103 0.800000 0.887500 700.000000 
0.005900 0.045000 3537.931034 0.800000 0.887500 700.000000 
0.005900 0.045000 3662.068966 0.800000 0.887500 700.000000 
0.005900 0.045000 3786.206897 0.800000 0.887500 700.000000 
0.005900 0.045000 3910.344828 0.800000 0.887500 700.000000 
0.005900 0.045000 4034.482759 0.800000 0.887500 700.000000 
0.005900 0.045000 4158.620690 0.800000 0.887500 700.000000 
0.005900 0.045000 4282.758621 0.800000 0.887500 700.000000 
0.005900 0.045000 4406.896552 0.800000 0.887500 700.000000 
0.005900 0.045000 4531.034483 0.800000 0.887500 700.000000 
0.005900 0.045000 4655.172414 0.800000 0.887500 700.000000 
0.005900 0.045000 4779.310345 0.800000 0.887500 700.000000 
0.005900 0.045000 4903.448276 0.800000 0.887500 700.000000 
0.005900 0.045000 5027.586207 0.800000 0.887500 700.000000 
0.005900 0.045000 5151.724138 0.800000 0.887500 700.000000 
0.005900 0.045000 5275.862069 0.800000 0.887500 700.000000 
0.005900 0.045000 5400.000000 0.800000 0.887500 700.000000 
0.005900 0.045000 3600.000000 0.600000 0.887500 700.000000 
0.005900 0.045000 3600.000000 0.610345 0.887500 700.000000 
0.005900 0.045000 3600.000000 0.620690 0.887500 700.000000 
0.005900 0.045000 3600.000000 0.631034 0.887500 700.000000 
0.005900 0.045000 3600.000000 0.641379 0.887500 700.000000 
0.005900 0.045000 3600.000000 0.651724 0.887500 700.000000 
0.005900 0.045000 3600.000000 0.662069 0.887500 700.000000 
0.005900 0.045000 3600.000000 0.672414 0.887500 700.000000 
0.005900 0.045000 3600.000000 0.682759 0.887500 700.000000 
0.005900 0.045000 3600.000000 0.693103 0.887500 700.000000 
0.005900 0.045000 3600.000000 0.703448 0.887500 700.000000 
0.005900 0.045000 3600.000000 0.713793 0.887500 700.000000 
0.005900 0.045000 3600.000000 0.724138 0.887500 700.000000 
0.005900 0.045000 3600.000000 0.734483 0.887500 700.000000 
0.005900 0.045000 3600.000000 0.744828 0.887500 700.000000 
0.005900 0.045000 3600.000000 0.755172 0.887500 700.000000 
0.005900 0.045000 3600.000000 0.765517 0.887500 700.000000 
0.005900 0.045000 3600.000000 0.775862 0.887500 700.000000 
0.005900 0.045000 3600.000000 0.786207 0.887500 700.000000 
0.005900 0.045000 3600.000000 0.796552 0.887500 700.000000 
0.005900 0.045000 3600.000000 0.806897 0.887500 700.000000 
0.005900 0.045000 3600.000000 0.817241 0.887500 700.000000 
0.005900 0.045000 3600.000000 0.827586 0.887500 700.000000 
0.005900 0.045000 3600.000000 0.837931 0.887500 700.000000 
0.005900 0.045000 3600.000000 0.848276 0.887500 700.000000 
0.005900 0.045000 3600.000000 0.858621 0.887500 700.000000 
0.005900 0.045000 3600.000000 0.868966 0.887500 700.000000 
0.005900 0.045000 3600.000000 0.879310 0.887500 700.000000 
0.005900 0.045000 3600.000000 0.889655 0.887500 700.000000 
0.005900 0.045000 3600.000000 0.900000 0.887500 700.000000 
0.005900 0.045000 3600.000000 0.800000 0.800000 700.000000 
0.005900 0.045000 3600.000000 0.800000 0.805172 700.000000 
0.005900 0.045000 3600.000000 0.800000 0.810345 700.000000 
0.005900 0.045000 3600.000000 0.800000 0.815517 700.000000 
0.005900 0.045000 3600.000000 0.800000 0.820690 700.000000 
0.005900 0.045000 3600.000000 0.800000 0.825862 700.000000 
0.005900 0.045000 3600.000000 0.800000 0.831034 700.000000 
0.005900 0.045000 3600.000000 0.800000 0.836207 700.000000 
0.005900 0.045000 3600.000000 0.800000 0.841379 700.000000 
0.005900 0.045000 3600.000000 0.800000 0.846552 700.000000 
0.005900 0.045000 3600.000000 0.800000 0.851724 700.000000 
0.005900 0.045000 3600.000000 0.800000 0.856897 700.000000 
0.005900 0.045000 3600.000000 0.800000 0.862069 700.000000 
0.005900 0.045000 3600.000000 0.800000 0.867241 700.000000 
0.005900 0.045000 3600.000000 0.800000 0.872414 700.000000 
0.005900 0.045000 3600.000000 0.800000 0.877586 700.000000 
0.005900 0.045000 3600.000000 0.800000 0.882759 700.000000 
0.005900 0.045000 3600.000000 0.800000 0.887931 700.000000 
0.005900 0.045000 3600.000000 0.800000 0.893103 700.000000 
0.005900 0.045000 3600.000000 0.800000 0.898276 700.000000 
0.005900 0.045000 3600.000000 0.800000 0.903448 700.000000 
0.005900 0.045000 3600.000000 0.800000 0.908621 700.000000 
0.005900 0.045000 3600.000000 0.800000 0.913793 700.000000 
0.005900 0.045000 3600.000000 0.800000 0.918966 700.000000 
0.005900 0.045000 3600.000000 0.800000 0.924138 700.000000 
0.005900 0.045000 3600.000000 0.800000 0.929310 700.000000 
0.005900 0.045000 3600.000000 0.800000 0.934483 700.000000 
0.005900 0.045000 3600.000000 0.800000 0.939655 700.000000 
0.005900 0.045000 3600.000000 0.800000 0.944828 700.000000 
0.005900 0.045000 3600.000000 0.800000 0.950000 700.000000 
0.005900 0.045000 3600.000000 0.800000 0.887500 200.000000 
0.005900 0.045000 3600.000000 0.800000 0.887500 231.034483 
0.005900 0.045000 3600.000000 0.800000 0.887500 262.068966 
0.005900 0.045000 3600.000000 0.800000 0.887500 293.103448 
0.005900 0.045000 3600.000000 0.800000 0.887500 324.137931 
0.005900 0.045000 3600.000000 0.800000 0.887500 355.172414 
0.005900 0.045000 3600.000000 0.800000 0.887500 386.206897 
0.005900 0.045000 3600.000000 0.800000 0.887500 417.241379 
0.005900 0.045000 3600.000000 0.800000 0.887500 448.275862 
0.005900 0.045000 3600.000000 0.800000 0.887500 479.310345 
0.005900 0.045000 3600.000000 0.800000 0.887500 510.344828 
0.005900 0.045000 3600.000000 0.800000 0.887500 541.379310 
0.005900 0.045000 3600.000000 0.800000 0.887500 572.413793 
0.005900 0.045000 3600.000000 0.800000 0.887500 603.448276 
0.005900 0.045000 3600.000000 0.800000 0.887500 634.482759 
0.005900 0.045000 3600.000000 0.800000 0.887500 665.517241 
0.005900 0.045000 3600.000000 0.800000 0.887500 696.551724 
0.005900 0.045000 3600.000000 0.800000 0.887500 727.586207 
0.005900 0.045000 3600.000000 0.800000 0.887500 758.620690 
0.005900 0.045000 3600.000000 0.800000 0.887500 789.655172 
0.005900 0.045000 3600.000000 0.800000 0.887500 820.689655 
0.005900 0.045000 3600.000000 0.800000 0.887500 851.724138 
0.005900 0.045000 3600.000000 0.800000 0.887500 882.758621 
0.005900 0.045000 3600.000000 0.800000 0.887500 913.793103 
0.005900 0.045000 3600.000000 0.800000 0.887500 944.827586 
0.005900 0.045000 3600.000000 0.800000 0.887500 975.862069 
0.005900 0.045000 3600.000000 0.800000 0.887500 1006.896552 
0.005900 0.045000 3600.000000 0.800000 0.887500 1037.931034 
0.005900 0.045000 3600.000000 0.800000 0.887500 1068.965517 
0.005900 0.045000 3600.000000 0.800000 0.887500 1100.000000 
