0.00295  0.00885
0.0225  0.0675
1800  5400
0.6  0.9
0.8  0.95
200  1100
0.003185274	0.02441641	2278.706	0.8835498	0.8888743	776.2299
0.003231606	0.02510635	2188.14	0.8858547	0.9004386	758.871
0.003237388	0.02614901	2324.413	0.8750833	0.8962219	799.1313
0.00295	0.0225	1800	0.9	0.8990643	907.6064
0.003635922	0.0225	2349.811	0.8899094	0.901701	761.1205
0.003193542	0.02537156	2225.675	0.8787191	0.89614	783.231
0.002956662	0.02733994	2396.055	0.8794725	0.8892412	659.2623
0.996678
10266.96351
0.9543699
0.9563977
0.9626262
0.9647611
0.978328
